0.0 0.18059321113899673
0.005 0.1819417745893126
0.01 0.18499070669829332
0.015 0.1884082624396673
0.02 0.19153199587843836
0.025 0.19417533524770914
0.03 0.19640914420314526
0.035 0.19838740867783805
0.04 0.20022826796490237
0.045 0.20197382739677466
0.05 0.20358068357740605
0.055 0.20496214535480553
0.06 0.2060418131929789
0.065 0.2067627761524976
0.07 0.20713286949540172
0.075 0.20722060006902654
0.08 0.20714238303007845
0.085 0.20701883381229233
0.09 0.20693854155337593
0.095 0.20694423601791861
0.1 0.207034078976588
0.105 0.20716812992916075
0.11 0.20728126235169894
0.115 0.20730188294164556
0.12 0.20717359143347172
0.125 0.20686927834260757
0.13 0.2063998100151331
0.135 0.20580986597512596
0.14 0.20516397148664875
0.145 0.20452582867507507
0.15 0.20394295280213642
0.155 0.20343918281560835
0.16 0.20301460434650653
0.165 0.20264628898873066
0.17 0.20229598098206034
0.17500000000000002 0.2019208683587324
0.18 0.20148684748946669
0.185 0.20097494560176846
0.19 0.20038314252457678
0.195 0.1997247510686282
